0,557
0,556
0,555
0,554
0,553
0,552
341,8
0,551
0,550
0,549
341,7
341,6
0,548
0,547
0,546
0,545
0,544
0,543
0,542
0,541
0,540
0,539
391,35
11,15
359,3
11,2
359,2
359,1
11,3
359,0
358,4
358,3
358,2
358,1
358,0
9,5
357,4
9,1
357,3
9,7
357,2
9,2
357,1
9,3
357,0
356,3
356,2
356,1
356,0
355,3
355,2
355,1
8,18
8,15
355,0
354,4
8,11
354,3
354,2
8,5
354,1
354,0
8,13
353,5
8,1
353,4
8,17
353,3
8,2
353,2
8,3
353,1
0,537
353,0
352,4
352,3
352,2
352,1
352,0
351,4
351,3
351,2
12,2
351,1
12,1
351,0
12,3
350,4
350,3
350,2
350,1
350,0
349,3
349,2
349,1
349,0
348,5
348,4
348,3
348,2
348,1
348,0
347,5
347,4
347,3
347,2
347,1
347,0
346,4
346,3
346,2
346,1
346,0
345,4
345,3
345,2
345,1
345,0
344,6
344,5
344,4
344,3
344,2
344,1
344,0
343,3
343,2
343,1
343,0
342,3
342,2
342,1
342,0
341,5
341,4
341,3
20,2
341,2
20,1
341,1
20,3
341,0
340,3
340,2
340,1
340,0
339,4
339,3
339,2
339,1
19,2
339,0
338,4
338,3
338,2
338,1
338,0
337,3
337,2
337,1
